0.615
0.592
0.619
0.637
0.62
0.597
0.574
0.556
0.544
0.578
0.636
0.681
0.701
0.733
0.761
0.753
0.724
0.701
0.697
0.712
0.733
0.709
0.667
0.633
0.601
0.55
0.57
0.599
0.588
0.544
0.472
0.391
0.317
0.301
0.317
0.334
0.336
0.383
0.411
0.481
0.562
0.63
0.672
0.681
0.681
0.619
0.547
0.491
0.444
0.406
0.454
0.499
0.468
0.4
0.322
0.245
0.188
0.178
0.2
0.238
0.269
0.309
0.35
0.399
0.468
0.476
0.504
0.54
0.553
0.502
0.422
0.374
0.353
0.343
0.379
0.432
0.443
0.406
0.344
0.296
0.278
0.284
0.306
0.332
0.339
0.32
0.296
0.319
0.388
0.416
0.418
0.395
0.38
0.344
0.3
0.278
0.266
0.249
0.24
0.265
0.234
0.163
0.087
0.031
0.003
0
0
0.002
0.02
0.043
0.04
0.024
0.008
0.001
0.001
0.003
0.022
0.051
0.069
0.082
0.085
0.079
0.067
0.059
0.047
0.032
0.019
0.007
0
0
0.001
0.006
0.017
0.014
0.014
0.025
0.083
0.179
0.29
0.382
0.437
0.462
0.469
0.482
0.494
0.503
0.502
0.52
0.484
0.457
0.434
0.396
0.345
0.337
0.332
0.31
0.323
0.415
0.635
0.809
0.862
0.848
0.846
0.849
0.857
0.841
0.826
0.779
0.751
0.731
0.744
0.774
0.786
0.77
0.732
0.684
0.634
0.599
0.574
0.532
0.488
0.471
0.476
0.498
0.564
0.625
0.661
0.688
0.695
0.633
0.548
0.538
0.525
0.479
0.513
0.592
0.62
0.587
0.547
0.498
0.444
0.428
0.439
0.45
0.45
0.486
0.547
0.615
0.642
0.618
0.595
0.599
0.636
0.627
0.571
0.538
0.501
0.46
0.458
0.457
0.45
0.426
0.379
0.318
0.256
0.231
0.249
0.283
0.343
0.428
0.495
0.525
0.567
0.592
0.591
0.576
0.568
0.511
0.432
0.368
0.331
0.297
0.271
0.254
0.255
0.253
0.241
0.219
0.201
0.222
0.271
0.325
0.367
0.42
0.464
0.479
0.479
0.471
0.463
0.449
0.434
0.38
0.323
0.289
0.27
0.24
0.22
0.217
0.215
0.204
0.18
0.151
0.13
0.144
0.192
0.251
0.296
0.322
0.335
0.333
0.317
0.344
0.434
0.55
0.603
0.586
0.516
0.433
0.376
0.345
0.335
0.391
0.525
0.635
0.638
0.571
0.451
0.355
0.286
0.233
0.204
0.254
0.411
0.649
0.718
0.725
0.697
0.666
0.653
0.589
0.503
0.468
0.433
0.398
0.37
0.365
0.348
0.311
0.264
0.214
0.168
0.178
0.236
0.309
0.355
0.408
0.494
0.538
0.552
0.542
0.516
0.492
0.466
0.404
0.358
0.34
0.337
0.336
0.358
0.382
0.375
0.345
0.301
0.252
0.211
0.201
0.222
0.251
0.264
0.277
0.31
0.37
0.422
0.464
0.484
0.493
0.503
0.444
0.361
0.313
0.285
0.266
0.277
0.305
0.341
0.341
0.31
0.264
0.223
0.231
0.284
0.329
0.334
0.353
0.422
0.488
0.535
0.566
0.608
0.636
0.633
0.546
0.443
0.38
0.337
0.283
0.271
0.297
0.362
0.41
0.419
0.397
0.358
0.361
0.41
0.464
0.495
0.548
0.623
0.672
0.674
0.671
0.637
0.59
0.55
0.479
0.417
0.389
0.402
0.431
0.492
0.581
0.62
0.615
0.587
0.558
0.547
0.562
0.6
0.641
0.668
0.675
0.661
0.649
0.627
0.61
0.607
0.616
0.629
0.621
0.571
0.513
0.453
0.391
0.362
0.332
0.3
0.278
0.254
0.232
0.211
0.243
0.318
0.401
0.447
0.522
0.638
0.724
0.723
0.68
0.626
0.604
0.624
0.601
0.565
0.532
0.506
0.481
0.528
0.571
0.579
0.561
0.536
0.513
0.491
0.5
0.536
0.56
0.564
0.568
0.58
0.609
0.645
0.656
0.635
0.619
0.63
0.604
0.52
0.466
0.454
0.419
0.425
0.465
0.454
0.42
0.381
0.357
0.347
0.392
0.479
0.562
0.631
0.713
0.777
0.823
0.838
0.84
0.84
0.833
0.823
0.783
0.754
0.7
0.652
0.594
0.599
0.564
0.484
0.413
0.341
0.274
0.215
0.212
0.261
0.321
0.358
0.407
0.498
0.583
0.642
0.663
0.646
0.621
0.606
0.591
0.527
0.475
0.437
0.409
0.426
0.436
0.437
0.422
0.391
0.343
0.287
0.251
0.245
0.251
0.259
0.296
0.347
0.484
0.617
0.67
0.671
0.666
0.646
0.611
0.529
0.47
0.438
0.408
0.422
0.425
0.41
0.385
0.347
0.305
0.262
0.249
0.256
0.265
0.295
0.369
0.432
0.508
0.55
0.543
0.556
0.56
0.583
0.571
0.527
0.49
0.479
0.45
0.483
0.552
0.595
0.62
0.633
0.637
0.642
0.647
0.667
0.692
0.725
0.788
0.814
0.839
0.831
0.807
0.791
0.773
0.755
0.712
0.641
0.586
0.562
0.55
0.603
0.655
0.707
0.741
0.768
0.786
0.805
0.825
0.841
0.859
0.87
0.876
0.871
0.882
0.883
0.876
0.871
0.846
0.811
0.75
0.689
0.644
0.601
0.561
0.606
0.641
0.642
0.616
0.571
0.523
0.481
0.505
0.58
0.644
0.687
0.758
0.806
0.852
0.862
0.85
0.845
0.846
0.837
0.796
0.728
0.642
0.567
0.516
0.538
0.551
0.538
0.499
0.454
0.414
0.384
0.371
0.401
0.467
0.538
0.603
0.67
0.666
0.685
0.676
0.658
0.666
0.678
0.648
0.59
0.55
0.527
0.505
0.538
0.577
0.587
0.555
0.467
0.349
0.235
0.153
0.129
0.171
0.292
0.379
0.383
0.357
0.386
0.423
0.476
0.528
0.553
0.526
0.476
0.442
0.421
0.41
0.454
0.493
0.506
0.48
0.42
0.346
0.285
0.251
0.253
0.283
0.346
0.415
0.432
0.45
0.511
0.586
0.622
0.601
0.574
0.506
0.436
0.379
0.343
0.323
0.322
0.302
0.296
0.305
0.302
0.281
0.254
0.28
0.361
0.45
0.507
0.553
0.607
0.695
0.746
0.785
0.799
0.785
0.772
0.732
0.652
0.581
0.546
0.516
0.556
0.571
0.59
0.585
0.549
0.494
0.431
0.408
0.442
0.504
0.561
0.617
0.69
0.756
0.781
0.777
0.799
0.852
0.857
0.826
0.785
0.77
0.734
0.741
0.781
0.785
0.761
0.731
0.706
0.685
0.659
0.669
0.713
0.753
0.78
0.803
0.831
0.835
0.82
0.8
0.806
0.803
0.789
0.761
0.723
0.689
0.663
0.644
0.663
0.637
0.601
0.561
0.516
0.466
0.414
0.415
0.457
0.494
0.497
0.532
0.596
0.652
0.674
0.684
0.681
0.666
0.641
0.59
0.527
0.488
0.444
0.4
0.366
0.32
0.271
0.223
0.184
0.157
0.135
0.126
0.128
0.132
0.159
0.206
0.223
0.226
0.227
0.231
0.233
0.233
0.237
0.224
0.21
0.216
0.241
0.271
0.282
0.283
0.267
0.235
0.18
0.121
0.081
0.075
0.095
0.147
0.261
0.363
0.364
0.297
0.258
0.246
0.265
0.316
0.391
0.43
0.413
0.366
0.32
0.289
0.274
0.295
0.286
0.259
0.223
0.194
0.183
0.211
0.27
0.325
0.376
0.444
0.485
0.528
0.591
0.625
0.618
0.577
0.533
0.437
0.332
0.259
0.223
0.203
0.203
0.204
0.208
0.205
0.191
0.17
0.155
0.188
0.272
0.37
0.437
0.476
0.532
0.571
0.61
0.633
0.63
0.599
0.569
0.498
0.411
0.348
0.301
0.251
0.218
0.209
0.209
0.197
0.177
0.155
0.146
0.193
0.296
0.413
0.496
0.563
0.557
0.538
0.514
0.519
0.525
0.51
0.472
0.384
0.286
0.211
0.153
0.107
0.075
0.067
0.063
0.061
0.057
0.049
0.043
0.049
0.07
0.113
0.184
0.21
0.154
0.087
0.044
0.023
0.016
0.014
0.016
0.018
0.022
0.027
0.033
0.037
0.032
0.021
0.011
0.004
0.001
0.001
0.011
0.048
0.106
0.16
0.186
0.165
0.106
0.062
0.037
0.026
0.025
0.03
0.041
0.047
0.049
0.054
0.065
0.08
0.099
0.096
0.079
0.057
0.03
0.013
0.01
0.022
0.063
0.125
0.199
0.225
0.177
0.106
0.051
0.021
0.011
0.01
0.011
0.008
0.004
0.002
0.002
0.003
0.004
0.004
0.003
0.002
0
0
0.002
0.011
0.038
0.064
0.091
0.086
0.049
0.02
0.005
0.001
0
0
0
0
0.001
0.002
0.005
0.012
0.023
0.031
0.027
0.017
0.009
0.009
0.013
0.038
0.092
0.133
0.155
0.126
0.073
0.032
0.01
0.003
0.004
0.012
0.034
0.063
0.087
0.11
0.128
0.137
0.136
0.126
0.112
0.099
0.074
0.055
0.053
0.068
0.095
0.124
0.134
0.103
0.047
0.011
0.001
0
0
0
0
0
0
0.001
0.004
0.007
0.004
0.001
0
0
0
0.001
0.018
0.041
0.059
0.075
0.09
0.083
0.052
0.03
0.024
0.026
0.027
0.024
0.019
0.014
0.011
0.01
0.009
0.008
0.008
0.009
0.014
0.022
0.035
0.055
0.08
0.106
0.134
0.154
0.159
0.159
0.146
0.127
0.104
0.083
0.063
0.047
0.03
0.018
0.009
0.004
0.002
0.001
0
0
0
0
0
0.009
0.039
0.082
0.146
0.155
0.12
0.051
0.007
0
0
0
0.001
0.005
0.021
0.041
0.054
0.066
0.085
0.113
0.136
0.185
0.264
0.314
0.323
0.308
0.286
0.265
0.249
0.228
0.207
0.19
0.225
0.345
0.513
0.646
0.666
0.646
0.625
0.525
0.4
0.321
0.289
0.278
0.302
0.293
0.256
0.217
0.177
0.14
0.114
0.118
0.131
0.138
0.152
0.179
0.227
0.259
0.33
0.401
0.476
0.434
0.393
0.332
0.282
0.243
0.225
0.217
0.207
0.203
0.218
0.223
0.22
0.198
0.169
0.164
0.17
0.17
0.152
0.123
0.108
0.123
0.159
0.203
0.245
0.278
0.309
0.303
0.289
0.287
0.3
0.312
0.325
0.322
0.308
0.266
0.22
0.179
0.153
0.137
0.128
0.125
0.128
0.136
0.135
0.134
0.148
0.176
0.207
0.243
0.266
0.272
0.266
0.261
0.264
0.268
0.278
0.272
0.259
0.229
0.194
0.164
0.153
0.156
0.179
0.227
0.274
0.277
0.205
0.147
0.136
0.145
0.178
0.228
0.272
0.277
0.27
0.275
0.294
0.311
0.32
0.294
0.253
0.203
0.154
0.112
0.083
0.078
0.103
0.152
0.199
0.217
0.169
0.158
0.193
0.245
0.305
0.394
0.459
0.422
0.328
0.266
0.256
0.249
0.253
0.246
0.256
0.299
0.382
0.469
0.505
0.503
0.479
0.45
0.388
0.309
0.305
0.388
0.521
0.625
0.693
0.767
0.795
0.739
0.65
0.55
0.477
0.449
0.432
0.444
0.476
0.509
0.538
0.557
0.574
0.593
0.605
0.596
0.566
0.535
0.565
0.663
0.802
0.85
0.839
0.821
0.808
0.772
0.718
0.64
0.55
0.484
0.476
0.422
0.381
0.331
0.283
0.245
0.227
0.241
0.274
0.309
0.314
0.299
0.291
0.32
0.357
0.373
0.397
0.42
0.408
0.332
0.253
0.212
0.181
0.16
0.152
0.132
0.117
0.095
0.069
0.053
0.046
0.039
0.033
0.035
0.054
0.07
0.041
0.016
0.007
0.007
0.016
0.029
0.046
0.05
0.043
0.039
0.043
0.052
0.061
0.059
0.055
0.051
0.049
0.054
0.06
0.064
0.066
0.057
0.038
0.019
0.009
0.005
0.003
0.003
0.005
0.017
0.039
0.054
0.062
0.079
0.107
0.143
0.176
0.193
0.194
0.175
0.145
0.121
0.102
0.091
0.082
0.068
0.06
0.055
0.047
0.039
0.032
0.036
0.05
0.066
0.087
0.116
0.152
0.18
0.191
0.192
0.199
0.225
0.238
0.203
0.149
0.098
0.054
0.024
0.008
0.002
0.001
0.002
0.005
0.007
0.009
0.011
0.013
0.017
0.028
0.041
0.054
0.07
0.084
0.079
0.072
0.051
0.034
0.018
0.008
0.004
0.003
0.012
0.027
0.047
0.054
0.049
0.037
0.037
0.045
0.065
0.101
0.144
0.132
0.078
0.041
0.025
0.025
0.032
0.043
0.047
0.053
0.052
0.055
0.082
0.141
0.189
0.182
0.144
0.096
0.068
0.061
0.058
0.059
0.057
0.047
0.037
0.036
0.031
0.026
0.032
0.042
0.044
0.049
0.054
0.068
0.077
0.08
0.078
0.077
0.079
0.082
0.086
0.079
0.072
0.072
0.086
0.099
0.121
0.163
0.191
0.228
0.258
0.267
0.26
0.243
0.223
0.231
0.23
0.215
0.187
0.16
0.14
0.119
0.12
0.131
0.137
0.136
0.14
0.15
0.178
0.21
0.252
0.314
0.377
0.425
0.41
0.368
0.345
0.305
0.291
0.302
0.364
0.398
0.397
0.383
0.365
0.351
0.35
0.362
0.355
0.32
0.303
0.308
0.328
0.365
0.414
0.481
0.549
0.615
0.615
0.568
0.495
0.435
0.378
0.355
0.318
0.278
0.235
0.206
0.192
0.176
0.179
0.189
0.188
0.181
0.187
0.201
0.242
0.295
0.379
0.459
0.495
0.514
0.491
0.469
0.432
0.413
0.379
0.374
0.414
0.46
0.447
0.403
0.352
0.325
0.334
0.364
0.369
0.326
0.292
0.282
0.32
0.41
0.485
0.503
0.491
0.466
0.418
0.377
0.344
0.325
0.266
0.228
0.205
0.218
0.218
0.214
0.22
0.239
0.284
0.346
0.395
0.393
0.368
0.371
0.4
0.454
0.525
0.613
0.706
0.725
0.66
0.568
0.501
0.46
0.455
0.494
0.542
0.602
0.635
0.655
0.666
0.663
0.633
0.59
0.544
0.488
0.449
0.472
0.554
0.638
0.701
0.777
0.775
0.741
0.732
0.705
0.657
0.617
0.591
0.594
0.574
0.558
0.54
0.513
0.484
0.468
0.494
0.532
0.552
0.544
0.523
0.55
0.627
0.699
0.752
0.769
0.772
0.759
0.721
0.656
0.586
0.52
0.466
0.436
0.419
0.444
0.46
0.476
0.481
0.466
0.439
0.41
0.372
0.31
0.271
0.313
0.458
0.576
0.714
0.741
0.724
0.682
0.613
0.562
0.516
0.488
0.457
0.466
0.479
0.516
0.528
0.519
0.495
0.463
0.43
0.407
0.374
0.306
0.237
0.202
0.225
0.302
0.42
0.53
0.598
0.623
0.596
0.534
0.479
0.454
0.41
0.379
0.337
0.294
0.251
0.223
0.21
0.222
0.259
0.294
0.289
0.245
0.195
0.177
0.214
0.303
0.414
0.501
0.539
0.552
0.505
0.441
0.403
0.391
0.367
0.364
0.348
0.332
0.309
0.289
0.275
0.267
0.274
0.293
0.3
0.261
0.209
0.205
0.265
0.375
0.506
0.578
0.618
0.612
0.573
0.538
0.547
0.524
0.501
0.516
0.491
0.454
0.413
0.381
0.352
0.328
0.34
0.364
0.36
0.302
0.23
0.223
0.27
0.366
0.483
0.644
0.684
0.656
0.586
0.527
0.507
0.503
0.505
0.525
0.507
0.469
0.434
0.413
0.395
0.375
0.37
0.367
0.332
0.243
0.165
0.132
0.134
0.162
0.213
0.259
0.288
0.372
0.355
0.302
0.259
0.226
0.204
0.211
0.21
0.205
0.192
0.164
0.127
0.101
0.103
0.118
0.135
0.142
0.125
0.112
0.114
0.118
0.112
0.101
0.098
0.101
0.09
0.074
0.062
0.051
0.042
0.038
0.041
0.051
0.058
0.063
0.073
0.086
0.108
0.126
0.125
0.102
0.067
0.033
0.012
0.003
0.001
0
0
0
0
0
0
0
0.003
0.008
0.012
0.008
0.003
0.001
0.004
0.025
0.067
0.106
0.12
0.106
0.067
0.032
0.024
0.027
0.027
0.023
0.018
0.012
0.01
0.01
0.01
0.011
0.013
0.012
0.007
0.001
0
0
0.001
0.022
0.054
0.069
0.067
0.07
0.076
0.072
0.054
0.031
0.015
0.004
0.001
0
0
0
0
0
0
0
0.002
0.007
0.013
0.026
0.054
0.1
0.146
0.169
0.156
0.114
0.07
0.032
0.012
0.004
0.001
0
0
0
0
0
0
0
0
0.001
0.002
0.003
0.006
0.011
0.026
0.058
0.088
0.105
0.105
0.089
0.054
0.016
0.002
0
0
0
0
0
0.001
0.005
0.017
0.046
0.09
0.154
0.217
0.274
0.327
0.364
0.38
0.379
0.361
0.328
0.28
0.21
0.167
0.145
0.182
0.256
0.331
0.398
0.464
0.525
0.488
0.4
0.332
0.269
0.201
0.173
0.174
0.186
0.192
0.186
0.179
0.178
0.191
0.208
0.204
0.168
0.125
0.081
0.076
0.133
0.222
0.307
0.435
0.513
0.496
0.432
0.361
0.305
0.26
0.264
0.241
0.215
0.186
0.162
0.148
0.151
0.172
0.201
0.21
0.193
0.15
0.082
0.059
0.07
0.091
0.117
0.144
0.166
0.159
0.144
0.143
0.145
0.133
0.112
0.103
0.102
0.101
0.101
0.106
0.118
0.133
0.148
0.155
0.151
0.136
0.105
0.085
0.084
0.091
0.09
0.087
0.096
0.095
0.093
0.099
0.107
0.106
0.09
0.093
0.101
0.105
0.115
0.132
0.161
0.193
0.219
0.217
0.185
0.135
0.078
0.038
0.028
0.033
0.039
0.046
0.054
0.056
0.059
0.066
0.074
0.072
0.054
0.036
0.019
0.011
0.016
0.036
0.071
0.102
0.114
0.106
0.088
0.074
0.065
0.068
0.069
0.065
0.06
0.058
0.057
0.055
0.053
0.051
0.049
0.047
0.048
0.036
0.02
0.011
0.009
0.024
0.065
0.152
0.265
0.385
0.473
0.508
0.475
0.408
0.358
0.347
0.345
0.332
0.314
0.293
0.264
0.236
0.214
0.186
0.149
0.104
0.06
0.032
0.025
0.048
0.107
0.231
0.379
0.538
0.635
0.642
0.583
0.519
0.459
0.436
0.414
0.408
0.42
0.416
0.4
0.388
0.368
0.336
0.289
0.212
0.127
0.071
0.052
0.068
0.121
0.219
0.311
0.434
0.52
0.516
0.444
0.337
0.245
0.192
0.161
0.147
0.136
0.116
0.084
0.05
0.027
0.013
0.005
0.001
0
0
0.001
0.025
0.084
0.155
0.22
0.233
0.207
0.158
0.104
0.066
0.041
0.027
0.02
0.016
0.012
0.007
0.002
0
0
0
0
0
0
0
0
0.013
0.069
0.119
0.136
0.128
0.1
0.062
0.035
0.018
0.009
0.008
0.01
0.014
0.015
0.013
0.007
0.002
0
0
0
0
0
0
0
0.013
0.072
0.101
0.112
0.11
0.101
0.09
0.072
0.055
0.042
0.029
0.02
0.017
0.019
0.021
0.029
0.041
0.051
0.054
0.059
0.062
0.051
0.024
0.005
0.001
0.005
0.022
0.036
0.042
0.047
0.049
0.045
0.054
0.072
0.093
0.097
0.095
0.093
0.103
0.112
0.112
0.103
0.087
0.075
0.057
0.043
0.036
0.033
0.038
0.042
0.041
0.036
0.031
0.03
0.035
0.043
0.057
0.069
0.079
0.083
0.085
0.078
0.069
0.06
0.054
0.052
0.049
0.048
0.045
0.045
0.046
0.039
0.034
0.032
0.037
0.042
0.049
0.058
0.088
0.125
0.145
0.146
0.142
0.145
0.149
0.154
0.144
0.129
0.115
0.106
0.101
0.101
0.102
0.098
0.093
0.098
0.109
0.128
0.16
0.196
0.227
0.287
0.352
0.376
0.358
0.334
0.321
0.318
0.315
0.311
0.274
0.226
0.191
0.165
0.142
0.123
0.094
0.065
0.035
0.02
0.026
0.048
0.084
0.126
0.171
0.235
0.291
0.282
0.243
0.193
0.161
0.153
0.157
0.148
0.139
0.137
0.135
0.133
0.127
0.123
0.105
0.098
0.096
0.113
0.138
0.168
0.204
0.247
0.297
0.357
0.391
0.437
0.42
0.359
0.329
0.307
0.289
0.269
0.264
0.254
0.249
0.245
0.23
0.222
0.157
0.092
0.051
0.037
0.058
0.107
0.179
0.323
0.422
0.488
0.507
0.486
0.41
0.328
0.278
0.245
0.223
0.196
0.178
0.156
0.144
0.137
0.131
0.118
0.093
0.065
0.045
0.033
0.039
0.058
0.093
0.135
0.211
0.288
0.352
0.341
0.272
0.205
0.16
0.131
0.112
0.099
0.084
0.071
0.059
0.049
0.041
0.041
0.036
0.017
0
0
0.002
0.012
0.023
0.031
0.039
0.061
0.09
0.111
0.113
0.099
0.081
0.071
0.066
0.06
0.057
0.05
0.042
0.034
0.022
0.015
0.009
0.004
0.001
0
0
0
0
0
0.003
0.013
0.026
0.029
0.031
0.03
0.03
0.031
0.031
0.029
0.025
0.019
0.014
0.009
0.006
0.004
0.001
0
0
0
0.005
0.057
0.116
0.187
0.238
0.287
0.316
0.291
0.243
0.212
0.201
0.194
0.2
0.201
0.194
0.175
0.154
0.129
0.101
0.082
0.071
0.068
0.069
0.082
0.114
0.168
0.231
0.289
0.362
0.429
0.448
0.422
0.379
0.337
0.3
0.278
0.269
0.279
0.291
0.294
0.288
0.272
0.241
0.22
0.182
0.145
0.113
0.093
0.085
0.092
0.135
0.201
0.283
0.398
0.481
0.497
0.44
0.376
0.334
0.318
0.3
0.294
0.3
0.309
0.31
0.304
0.285
0.3
0.272
0.201
0.123
0.063
0.024
0.008
0.007
0.014
0.034
0.083
0.14
0.146
0.13
0.111
0.104
0.107
0.108
0.117
0.11
0.099
0.086
0.075
0.067
0.056
0.032
0.008
0.001
0
0
0
0.004
0.025
0.071
0.115
0.103
0.059
0.025
0.01
0.007
0.007
0.007
0.005
0.004
0.004
0.004
0.005
0.007
0.007
0.005
0.001
0
0
0
0
0.001
0.004
0.017
0.05
0.073
0.057
0.028
0.009
0.002
0
0
0
0
0
0
0
0
0
0.001
0.001
0.001
0
0
0
0
0.001
0.004
0.015
0.032
0.029
0.019
0.01
0.003
0.002
0.003
0.002
0.001
0
0
0
0
0
0
0.001
0.002
0.003
0.001
0.001
0
0
0.005
0.012
0.025
0.04
0.053
0.064
0.074
0.078
0.082
0.08
0.071
0.059
0.043
0.03
0.018
0.012
0.008
0.008
0.007
0.009
0.014
0.027
0.053
0.085
0.13
0.17
0.207
0.225
0.223
0.206
0.204
0.193
0.192
0.189
0.179
0.167
0.144
0.129
0.113
0.111
0.102
0.094
0.094
0.104
0.131
0.173
0.224
0.278
0.328
0.376
0.4
0.4
0.38
0.381
0.352
0.323
0.305
0.295
0.267
0.242
0.205
0.168
0.134
0.111
0.089
0.073
0.064
0.059
0.059
0.062
0.08
0.11
0.145
0.203
0.26
0.273
0.247
0.213
0.192
0.192
0.194
0.194
0.186
0.162
0.149
0.13
0.097
0.08
0.059
0.04
0.03
0.026
0.039
0.067
0.104
0.156
0.235
0.325
0.376
0.347
0.262
0.189
0.155
0.152
0.175
0.17
0.171
0.159
0.139
0.112
0.077
0.05
0.054
0.068
0.082
0.086
0.068
0.055
0.058
0.072
0.096
0.133
0.191
0.234
0.244
0.237
0.206
0.139
0.076
0.045
0.029
0.012
0.003
0
0
0
0
0
0.002
0.007
0.013
0.008
0.003
0.001
0
0
0.011
0.05
0.084
0.095
0.095
0.09
0.091
0.078
0.058
0.038
0.02
0.009
0.004
0.001
0
0
0
0
0
0
0
0
0.002
0.005
0.006
0.005
0.002
0.001
0.001
0
0
0
0
0
0
0
0
0
0
0
0
0
0
0
0
0.001
0.012
0.026
0.044
0.043
0.033
0.028
0.031
0.042
0.058
0.069
0.071
0.06
0.044
0.027
0.015
0.01
0.003
0
0
0
0
0
0.002
0.008
0.01
0.014
0.017
0.016
0.017
0.016
0.012
0.009
0.005
0.002
0.001
0.001
0.001
0.001
0.002
0.003
0.002
0
0
0
0
0
0
0.004
0.014
0.032
0.05
0.059
0.068
0.082
0.068
0.036
0.012
0.007
0.01
0.024
0.038
0.047
0.054
0.054
0.05
0.039
0.024
0.014
0.01
0.015
0.022
0.025
0.023
0.024
0.033
0.05
0.071
0.084
0.103
0.113
0.134
0.16
0.191
0.23
0.205
0.191
0.259
0.253
0.224
0.16
0.088
0.044
0.027
0.018
0.015
0.016
0.016
0.008
0.005
0.012
0.02
0.019
0.021
0.039
0.076
0.128
0.185
0.23
0.259
0.256
0.205
0.127
0.078
0.073
0.159
0.305
0.391
0.453
0.545
0.642
0.763
0.851
0.875
0.819
0.8
0.844
0.866
0.873
0.867
0.816
0.737
0.71
0.683
0.71
0.737
0.775
0.831
0.877
0.911
0.935
0.945
0.949
0.953
0.951
0.943
0.924
0.903
0.896
0.872
0.831
0.777
0.72
0.707
0.71
0.674
0.646
0.632
0.621
0.588
0.542
0.574
0.63
0.661
0.684
0.708
0.735
0.746
0.713
0.638
0.544
0.488
0.437
0.41
0.401
0.407
0.42
0.433
0.447
0.468
0.448
0.416
0.388
0.335
0.296
0.313
0.325
0.343
0.374
0.4
0.432
0.455
0.459
0.431
0.374
0.352
0.356
0.368
0.379
0.371
0.345
0.33
0.337
0.325
0.309
0.294
0.273
0.237
0.228
0.234
0.226
0.235
0.265
0.297
0.305
0.293
0.291
0.274
0.253
0.272
0.289
0.322
0.339
0.358
0.37
0.379
0.381
0.361
0.322
0.283
0.236
0.192
0.174
0.149
0.121
0.113
0.105
0.098
0.085
0.081
0.084
0.088
0.102
0.135
0.17
0.187
0.192
0.213
0.248
0.308
0.375
0.414
0.394
0.361
0.32
0.255
0.216
0.172
0.133
0.108
0.101
0.112
0.125
0.154
0.189
0.213
0.218
0.211
0.204
0.186
0.166
0.153
0.155
0.161
0.175
0.184
0.191
0.187
0.182
0.164
0.158
0.145
0.13
0.128
0.13
0.146
0.175
0.212
0.228
0.235
0.239
0.243
0.242
0.236
0.233
0.224
0.225
0.225
0.22
0.225
0.241
0.26
0.27
0.26
0.282
0.323
0.334
0.369
0.422
0.479
0.526
0.568
0.586
0.578
0.554
0.536
0.519
0.503
0.468
0.453
0.467
0.483
0.481
0.454
0.4
0.37
0.381
0.357
0.39
0.464
0.501
0.547
0.609
0.675
0.72
0.727
0.71
0.668
0.601
0.556
0.479
0.447
0.461
0.484
0.51
0.549
0.59
0.6
0.59
0.577
0.55
0.523
0.586
0.62
0.61
0.596
0.6
0.624
0.652
0.673
0.678
0.648
0.615
0.575
0.509
0.449
0.446
0.454
0.467
0.525
0.584
0.58
0.558
0.527
0.494
0.444
0.466
0.488
0.478
0.481
0.491
0.501
0.501
0.516
0.543
0.566
0.566
0.58
0.547
0.472
0.386
0.337
0.343
0.364
0.373
0.397
0.402
0.39
0.367
0.327
0.374
0.4
0.367
0.337
0.306
0.27
0.236
0.214
0.209
0.236
0.282
0.343
0.364
0.346
0.329
0.317
0.314
0.299
0.272
0.248
0.22
0.206
0.18
0.167
0.184
0.178
0.187
0.201
0.204
0.212
0.208
0.2
0.193
0.202
0.225
0.241
0.228
0.201
0.192
0.196
0.196
0.233
0.249
0.252
0.24
0.228
0.22
0.202
0.218
0.208
0.208
0.209
0.212
0.221
0.234
0.265
0.311
0.366
0.4
0.41
0.401
0.413
0.392
0.335
0.314
0.305
0.31
0.289
0.231
0.184
0.158
0.163
0.23
0.312
0.371
0.416
0.465
0.52
0.562
0.575
0.552
0.506
0.443
0.408
0.422
0.436
0.43
0.381
0.401
0.464
0.499
0.442
0.416
0.379
0.337
0.292
0.302
0.323
0.352
0.391
0.43
0.454
0.481
0.522
0.555
0.538
0.487
0.436
0.429
0.442
0.454
0.466
0.485
0.523
0.539
0.521
0.498
0.432
0.361
0.3
0.28
0.308
0.325
0.358
0.396
0.435
0.467
0.496
0.525
0.539
0.51
0.484
0.523
0.523
0.538
0.552
0.554
0.533
0.543
0.561
0.519
0.491
0.454
0.401
0.381
0.413
0.425
0.438
0.442
0.459
0.469
0.481
0.484
0.475
0.432
0.454
0.476
0.488
0.501
0.516
0.535
0.55
0.523
0.476
0.492
0.501
0.484
0.521
0.521
0.48
0.457
0.442
0.431
0.44
0.474
0.523
0.556
0.535
0.473
0.43
0.369
0.334
0.337
0.359
0.376
0.399
0.399
0.372
0.374
0.342
0.32
0.302
0.319
0.363
0.403
0.444
0.475
0.488
0.484
0.494
0.479
0.435
0.379
0.311
0.266
0.232
0.2
0.18
0.182
0.202
0.222
0.223
0.201
0.178
0.146
0.108
0.094
0.094
0.091
0.101
0.125
0.159
0.191
0.228
0.278
0.304
0.305
0.281
0.261
0.252
0.234
0.215
0.201
0.179
0.154
0.123
0.106
0.115
0.12
0.13
0.15
0.187
0.225
0.243
0.261
0.284
0.312
0.343
0.358
0.352
0.332
0.322
0.311
0.317
0.311
0.3
0.294
0.278
0.249
0.223
0.196
0.164
0.142
0.11
0.089
0.107
0.15
0.204
0.26
0.331
0.398
0.459
0.473
0.471
0.432
0.426
0.42
0.401
0.369
0.34
0.328
0.345
0.362
0.383
0.398
0.395
0.391
0.371
0.387
0.391
0.416
0.457
0.516
0.573
0.618
0.654
0.677
0.674
0.619
0.552
0.5
0.476
0.484
0.506
0.53
0.568
0.576
0.516
0.482
0.459
0.436
0.4
0.41
0.439
0.454
0.482
0.52
0.557
0.599
0.646
0.685
0.7
0.684
0.653
0.648
0.639
0.647
0.659
0.679
0.687
0.685
0.666
0.644
0.618
0.603
0.604
0.666
0.714
0.739
0.744
0.757
0.77
0.773
0.772
0.762
0.735
0.692
0.649
0.59
0.523
0.498
0.515
0.519
0.515
0.59
0.523
0.527
0.543
0.433
0.343
0.312
0.332
0.361
0.376
0.42
0.504
0.633
0.777
0.866
0.894
0.879
0.834
0.773
0.692
0.601
0.523
0.459
0.436
0.55
0.488
0.404
0.349
0.28
0.212
0.186
0.201
0.212
0.243
0.27
0.303
0.333
0.379
0.426
0.43
0.388
0.365
0.349
0.334
0.353
0.388
0.423
0.476
0.524
0.523
0.543
0.549
0.523
0.469
0.444
0.454
0.501
0.557
0.605
0.648
0.706
0.74
0.75
0.737
0.675
0.599
0.571
0.591
0.659
0.755
0.803
0.81
0.829
0.798
0.743
0.692
0.647
0.611
0.653
0.709
0.758
0.795
0.819
0.833
0.835
0.827
0.816
0.791
0.741
0.715
0.684
0.665
0.66
0.647
0.63
0.621
0.613
0.556
0.51
0.495
0.483
0.467
0.606
0.768
0.844
0.876
0.892
0.91
0.921
0.932
0.935
0.923
0.893
0.863
0.866
0.868
0.871
0.878
0.888
0.899
0.906
0.894
0.879
0.875
0.854
0.828
0.841
0.901
0.938
0.957
0.96
0.953
0.942
0.928
0.912
0.896
0.884
0.886
0.901
0.907
0.905
0.895
0.887
0.902
0.909
0.889
0.86
0.808
0.722
0.593
0.593
0.686
0.753
0.8
0.836
0.856
0.865
0.86
0.84
0.791
0.667
0.575
0.55
0.515
0.535
0.594
0.642
0.693
0.739
0.779
0.813
0.846
0.865
0.866
0.916
0.917
0.914
0.902
0.891
0.888
0.884
0.87
0.836
0.757
0.668
0.584
0.489
0.444
0.428
0.398
0.352
0.355
0.325
0.325
0.361
0.415
0.519
0.518
0.58
0.59
0.578
0.561
0.572
0.592
0.61
0.649
0.676
0.671
0.637
0.652
0.623
0.588
0.556
0.498
0.426
0.428
0.52
0.631
0.686
0.674
0.586
0.535
0.619
0.732
0.793
0.817
0.819
0.811
0.8
0.794
0.769
0.674
0.489
0.332
0.249
0.235
0.29
0.354
0.415
0.466
0.505
0.533
0.554
0.648
0.559
0.583
0.652
0.742
0.808
0.813
0.804
0.79
0.762
0.753
0.739
0.689
0.541
0.501
0.5
0.432
0.394
0.384
0.379
0.507
0.58
0.58
0.481
0.417
0.364
0.308
0.398
0.574
0.674
0.741
0.783
0.809
0.813
0.804
0.783
0.745
0.634
0.479
0.391
0.37
0.378
0.382
0.354
0.358
0.434
0.453
0.435
0.381
0.351
0.342
0.464
0.619
0.705
0.751
0.762
0.78
0.792
0.796
0.789
0.739
0.635
0.604
0.484
0.422
0.428
0.441
0.44
0.449
0.442
0.391
0.368
0.364
0.347
0.304
0.399
0.538
0.636
0.685
0.703
0.729
0.758
0.772
0.765
0.708
0.591
0.498
0.454
0.415
0.448
0.484
0.501
0.542
0.552
0.516
0.494
0.43
0.414
0.364
0.526
0.648
0.703
0.75
0.794
0.83
0.859
0.876
0.867
0.835
0.77
0.682
0.593
0.568
0.578
0.563
0.578
0.545
0.554
0.535
0.526
0.513
0.503
0.55
0.709
0.809
0.841
0.856
0.872
0.887
0.897
0.906
0.907
0.883
0.777
0.665
0.556
0.503
0.464
0.454
0.461
0.47
0.508
0.548
0.586
0.602
0.598
0.559
0.656
0.815
0.856
0.876
0.889
0.896
0.9
0.894
0.872
0.829
0.744
0.674
0.634
0.567
0.516
0.396
0.343
0.387
0.402
0.381
0.383
0.404
0.41
0.413
0.485
0.654
0.741
0.784
0.82
0.851
0.874
0.877
0.857
0.815
0.763
0.742
0.713
0.698
0.753
0.779
0.775
0.744
0.674
0.625
0.613
0.602
0.658
0.709
0.708
0.68
0.695
0.762
0.8
0.809
0.857
0.886
0.899
0.892
0.855
0.776
0.666
0.678
0.732
0.777
0.819
0.819
0.826
0.801
0.764
0.732
0.711
0.705
0.719
0.773
0.833
0.87
0.89
0.905
0.914
0.911
0.891
0.849
0.785
0.722
0.676
0.675
0.657
0.644
0.653
0.651
0.645
0.615
0.568
0.484
0.422
0.379
0.379
0.543
0.714
0.8
0.817
0.828
0.835
0.839
0.845
0.834
0.75
0.608
0.596
0.568
0.587
0.593
0.598
0.575
0.407
0.329
0.314
0.29
0.227
0.223
0.343
0.538
0.703
0.785
0.82
0.845
0.862
0.871
0.877
0.852
0.707
0.556
0.525
0.532
0.517
0.488
0.484
0.502
0.532
0.527
0.496
0.477
0.476
0.469
0.625
0.797
0.874
0.901
0.91
0.926
0.942
0.939
0.917
0.868
0.772
0.698
0.674
0.602
0.593
0.654
0.666
0.594
0.567
0.59
0.58
0.577
0.578
0.538
0.597
0.711
0.828
0.883
0.913
0.937
0.946
0.94
0.92
0.861
0.78
0.756
0.714
0.574
0.538
0.535
0.566
0.599
0.62
0.58
0.525
0.505
0.467
0.401
0.432
0.592
0.697
0.75
0.767
0.768
0.758
0.745
0.733
0.67
0.519
0.457
0.446
0.47
0.444
0.405
0.395
0.367
0.344
0.376
0.399
0.379
0.302
0.192
0.252
0.374
0.432
0.457
0.481
0.488
0.465
0.459
0.451
0.442
0.393
0.352
0.319
0.28
0.249
0.274
0.261
0.274
0.294
0.302
0.283
0.251
0.207
0.179
0.225
0.241
0.267
0.294
0.311
0.344
0.395
0.45
0.523
0.573
0.532
0.428
0.384
0.343
0.323
0.346
0.378
0.404
0.395
0.355
0.319
0.274
0.252
0.243
0.266
0.311
0.374
0.464
0.544
0.574
0.611
0.669
0.713
0.701
0.622
0.547
0.513
0.498
0.494
0.485
0.481
0.468
0.493
0.476
0.444
0.391
0.326
0.282
0.309
0.396
0.491
0.578
0.682
0.759
0.791
0.814
0.831
0.791
0.627
0.436
0.369
0.391
0.491
0.61
0.701
0.75
0.749
0.696
0.635
0.563
0.484
0.396
0.393
0.498
0.622
0.723
0.803
0.861
0.886
0.886
0.868
0.826
0.777
0.759
0.759
0.787
0.833
0.849
0.849
0.814
0.707
0.571
0.491
0.413
0.334
0.302
0.316
0.432
0.525
0.592
0.63
0.651
0.696
0.761
0.816
0.84
0.784
0.684
0.577
0.495
0.442
0.427
0.41
0.462
0.487
0.468
0.441
0.401
0.386
0.348
0.459
0.578
0.661
0.732
0.779
0.816
0.843
0.859
0.856
0.827
0.721
0.584
0.522
0.529
0.566
0.597
0.601
0.59
0.571
0.549
0.516
0.468
0.437
0.402
0.484
0.591
0.674
0.733
0.773
0.806
0.834
0.863
0.872
0.85
0.762
0.69
0.663
0.689
0.717
0.744
0.776
0.822
0.865
0.845
0.792
0.749
0.711
0.654
0.643
0.72
0.802
0.851
0.885
0.908
0.924
0.926
0.917
0.883
0.798
0.741
0.731
0.731
0.721
0.709
0.709
0.726
0.716
0.642
0.529
0.468
0.441
0.315
0.3
0.38
0.454
0.484
0.535
0.605
0.666
0.718
0.749
0.762
0.75
0.716
0.69
0.656
0.615
0.621
0.647
0.686
0.718
0.712
0.666
0.593
0.491
0.419
0.535
0.682
0.772
0.834
0.872
0.893
0.9
0.893
0.873
0.83
0.708
0.563
0.494
0.457
0.439
0.427
0.417
0.413
0.417
0.409
0.399
0.379
0.329
0.275
0.382
0.571
0.705
0.772
0.82
0.858
0.878
0.886
0.873
0.826
0.72
0.615
0.559
0.515
0.48
0.454
0.402
0.368
0.369
0.358
0.346
0.359
0.349
0.308
0.435
0.618
0.729
0.799
0.828
0.816
0.807
0.815
0.812
0.771
0.671
0.666
0.718
0.763
0.753
0.653
0.561
0.511
0.479
0.475
0.471
0.447
0.448
0.474
0.555
0.676
0.773
0.84
0.866
0.865
0.851
0.821
0.765
0.688
0.525
0.432
0.362
0.291
0.257
0.27
0.309
0.384
0.416
0.446
0.472
0.501
0.496
0.479
0.519
0.661
0.786
0.853
0.893
0.92
0.926
0.902
0.851
0.779
0.667
0.62
0.615
0.621
0.618
0.59
0.538
0.569
0.645
0.686
0.707
0.711
0.699
0.672
0.749
0.817
0.844
0.85
0.855
0.851
0.857
0.884
0.905
0.91
0.85
0.778
0.739
0.682
0.635
0.656
0.657
0.669
0.704
0.733
0.736
0.694
0.686
0.7
0.708
0.753
0.809
0.851
0.878
0.879
0.853
0.866
0.891
0.865
0.744
0.605
0.546
0.55
0.565
0.583
0.566
0.574
0.578
0.546
0.524
0.527
0.523
0.503
0.539
0.621
0.724
0.786
0.833
0.874
0.901
0.916
0.906
0.862
0.715
0.642
0.697
0.708
0.7
0.655
0.568
0.519
0.519
0.488
0.423
0.4
0.416
0.429
0.515
0.615
0.702
0.751
0.778
0.802
0.814
0.817
0.793
0.726
0.583
0.504
0.501
0.474
0.464
0.441
0.394
0.355
0.309
0.332
0.372
0.362
0.352
0.345
0.399
0.484
0.566
0.633
0.705
0.722
0.718
0.697
0.672
0.645
0.54
0.47
0.367
0.296
0.277
0.272
0.325
0.399
0.45
0.432
0.369
0.327
0.28
0.256
0.376
0.536
0.644
0.71
0.744
0.742
0.697
0.65
0.618
0.604
0.568
0.467
0.45
0.438
0.401
0.375
0.372
0.352
0.339
0.344
0.35
0.337
0.328
0.313
0.386
0.456
0.523
0.592
0.682
0.773
0.816
0.818
0.818
0.772
0.661
0.535
0.491
0.44
0.404
0.401
0.407
0.42
0.481
0.519
0.517
0.497
0.459
0.427
0.506
0.64
0.719
0.763
0.784
0.8
0.808
0.807
0.814
0.772
0.669
0.487
0.413
0.385
0.422
0.48
0.504
0.532
0.55
0.607
0.633
0.615
0.578
0.523
0.571
0.656
0.724
0.77
0.789
0.816
0.845
0.83
0.777
0.742
0.661
0.535
0.383
0.339
0.374
0.422
0.433
0.435
0.459
0.467
0.42
0.382
0.378
0.364
0.443
0.47
0.501
0.599
0.69
0.75
0.822
0.874
0.872
0.819
0.725
0.666
0.636
0.583
0.558
0.555
0.575
0.564
0.552
0.547
0.537
0.496
0.438
0.391
0.447
0.55
0.649
0.741
0.808
0.858
0.884
0.901
0.895
0.851
0.757
0.615
0.459
0.374
0.351
0.395
0.437
0.505
0.623
0.673
0.664
0.622
0.552
0.519
0.644
0.755
0.818
0.843
0.844
0.833
0.829
0.842
0.849
0.827
0.782
0.73
0.684
0.674
0.695
0.725
0.772
0.782
0.743
0.663
0.464
0.308
0.245
0.235
0.391
0.566
0.672
0.742
0.785
0.799
0.793
0.787
0.755
0.7
0.622
0.555
0.514
0.495
0.502
0.481
0.468
0.498
0.596
0.639
0.588
0.541
0.532
0.503
0.479
0.529
0.654
0.779
0.831
0.834
0.837
0.832
0.813
0.797
0.742
0.68
0.634
0.625
0.632
0.669
0.666
0.674
0.683
0.635
0.593
0.557
0.503
0.4
0.466
0.636
0.727
0.768
0.798
0.836
0.871
0.882
0.878
0.862
0.797
0.668
0.586
0.558
0.574
0.618
0.619
0.603
0.603
0.586
0.659
0.612
0.603
0.597
0.648
0.698
0.714
0.724
0.733
0.762
0.802
0.841
0.869
0.867
0.819
0.733
0.704
0.697
0.661
0.653
0.653
0.669
0.74
0.752
0.749
0.748
0.739
0.722
0.755
0.791
0.812
0.831
0.849
0.865
0.88
0.894
0.9
0.891
0.844
0.762
0.685
0.667
0.718
0.722
0.7
0.666
0.64
0.619
0.591
0.55
0.519
0.466
0.447
0.529
0.611
0.681
0.743
0.785
0.812
0.82
0.817
0.813
0.791
0.746
0.65
0.585
0.574
0.571
0.58
0.59
0.599
0.584
0.583
0.622
0.634
0.624
0.746
0.804
0.833
0.856
0.87
0.878
0.887
0.894
0.889
0.863
0.776
0.667
0.618
0.568
0.521
0.513
0.494
0.475
0.458
0.438
0.436
0.463
0.479
0.507
0.645
0.686
0.713
0.712
0.726
0.749
0.782
0.812
0.833
0.823
0.741
0.653
0.566
0.523
0.498
0.491
0.535
0.595
0.656
0.661
0.645
0.633
0.59
0.507
0.562
0.753
0.793
0.788
0.818
0.822
0.85
0.875
0.862
0.8
0.674
0.555
0.451
0.48
0.532
0.563
0.556
0.529
0.516
0.434
0.361
0.323
0.264
0.169
0.223
0.322
0.456
0.576
0.68
0.764
0.812
0.833
0.817
0.753
0.633
0.566
0.554
0.54
0.603
0.698
0.675
0.633
0.665
0.667
0.645
0.635
0.645
0.647
0.718
0.791
0.814
0.852
0.876
0.884
0.88
0.882
0.899
0.899
0.863
0.817
0.808
0.788
0.762
0.724
0.686
0.673
0.665
0.671
0.684
0.694
0.701
0.675
0.688
0.782
0.799
0.8
0.802
0.831
0.869
0.885
0.859
0.773
0.638
0.564
0.519
0.55
0.538
0.528
0.566
0.59
0.607
0.651
0.674
0.657
0.633
0.615
0.674
0.772
0.82
0.853
0.877
0.876
0.862
0.862
0.858
0.84
0.764
0.649
0.556
0.56
0.59
0.562
0.529
0.494
0.519
0.484
0.45
0.485
0.519
0.488
0.535
0.585
0.615
0.652
0.674
0.678
0.675
0.695
0.722
0.726
0.691
0.587
0.452
0.319
0.278
0.24
0.223
0.277
0.348
0.373
0.386
0.413
0.449
0.563
0.701
0.745
0.734
0.731
0.743
0.757
0.751
0.755
0.779
0.813
0.784
0.704
0.62
0.558
0.566
0.59
0.574
0.557
0.547
0.522
0.452
0.391
0.4
0.422
0.491
0.532
0.516
0.538
0.61
0.685
0.751
0.801
0.852
0.876
0.857
0.809
0.772
0.721
0.635
0.529
0.444
0.314
0.16
0.123
0.156
0.169
0.182
0.192
0.227
0.305
0.332
0.368
0.459
0.558
0.603
0.653
0.694
0.686
0.618
0.558
0.491
0.454
0.508
0.476
0.418
0.409
0.451
0.433
0.411
0.407
0.434
0.422
0.434
0.454
0.436
0.504
0.59
0.657
0.724
0.788
0.829
0.811
0.71
0.595
0.522
0.504
0.516
0.541
0.543
0.527
0.503
0.485
0.488
0.512
0.519
0.545
0.601
0.656
0.721
0.759
0.78
0.788
0.779
0.762
0.737
0.686
0.585
0.492
0.43
0.393
0.411
0.454
0.495
0.516
0.501
0.471
0.46
0.45
0.435
0.405
0.455
0.444
0.399
0.363
0.358
0.363
0.364
0.395
0.437
0.476
0.509
0.523
0.488
0.443
0.442
0.485
0.488
0.491
0.49
0.438
0.364
0.296
0.227
0.188
0.17
0.188
0.228
0.261
0.292
0.328
0.354
0.386
0.425
0.459
0.469
0.459
0.484
0.471
0.46
0.457
0.498
0.548
0.568
0.524
0.466
0.386
0.32
0.323
0.326
0.334
0.407
0.461
0.532
0.601
0.648
0.69
0.707
0.703
0.675
0.591
0.592
0.601
0.617
0.627
0.629
0.625
0.598
0.522
0.433
0.346
0.287
0.242
0.243
0.273
0.317
0.363
0.432
0.54
0.633
0.65
0.604
0.552
0.494
0.495
0.522
0.535
0.547
0.541
0.556
0.584
0.601
0.599
0.544
0.464
0.406
0.341
0.341
0.367
0.408
0.417
0.432
0.459
0.483
0.501
0.506
0.473
0.38
0.285
0.229
0.219
0.231
0.206
0.227
0.261
0.261
0.272
0.289
0.303
0.302
0.286
0.301
0.311
0.331
0.345
0.323
0.294
0.294
0.329
0.365
0.38
0.347
0.315
0.328
0.358
0.365
0.361
0.349
0.344
0.358
0.407
0.401
0.388
0.352
0.298
0.291
0.266
0.207
0.153
0.123
0.121
0.151
0.203
0.258
0.296
0.297
0.288
0.261
0.217
0.201
0.21
0.213
0.225
0.25
0.263
0.251
0.212
0.175
0.13
0.095
0.084
0.081
0.08
0.085
0.112
0.144
0.185
0.225
0.244
0.241
0.221
0.209
0.193
0.164
0.141
0.127
0.121
0.107
0.077
0.04
0.013
0.003
0.001
0.001
0
0
0.038
0.208
0.376
0.445
0.471
0.534
0.587
0.579
0.552
0.524
0.51
0.516
0.541
0.578
0.618
0.633
0.578
0.471
0.37
0.328
0.3
0.317
0.341
0.369
0.391
0.425
0.459
0.508
0.601
0.697
0.75
0.756
0.762
0.77
0.763
0.746
0.726
0.722
0.739
0.754
0.725
0.674
0.663
0.644
0.604
0.62
0.58
0.557
0.55
0.557
0.586
0.621
0.683
0.72
0.729
0.77
0.809
0.849
0.86
0.849
0.84
0.862
0.849
0.837
0.811
0.781
0.757
0.731
0.697
0.71
0.728
0.755
0.785
0.804
0.804
0.804
0.806
0.794
0.741
0.668
0.63
0.601
0.556
0.505
0.476
0.451
0.424
0.398
0.4
0.401
0.353
0.303
0.255
0.239
0.254
0.286
0.302
0.324
0.345
0.355
0.362
0.347
0.311
0.235
0.192
0.172
0.171
0.171
0.192
0.221
0.241
0.237
0.221
0.179
0.161
0.151
0.147
0.158
0.176
0.183
0.181
0.2
0.235
0.254
0.27
0.278
0.291
0.257
0.225
0.237
0.277
0.286
0.274
0.284
0.307
0.327
0.325
0.298
0.274
0.243
0.21
0.226
0.219
0.224
0.249
0.281
0.316
0.343
0.375
0.39
0.386
0.377
0.401
0.41
0.38
0.37
0.426
0.478
0.484
0.476
0.475
0.467
0.46
0.482
0.464
0.472
0.459
0.473
0.504
0.507
0.501
0.498
0.499
0.544
0.582
0.535
0.484
0.457
0.491
0.547
0.571
0.562
0.57
0.615
0.611
0.59
0.578
0.535
0.476
0.442
0.474
0.519
0.617
0.712
0.749
0.75
0.763
0.777
0.739
0.644
0.639
0.644
0.637
0.63
0.618
0.601
0.664
0.683
0.668
0.618
0.556
0.496
0.46
0.507
0.606
0.656
0.674
0.7
0.744
0.775
0.785
0.744
0.646
0.556
0.573
0.58
0.591
0.641
0.668
0.711
0.682
0.64
0.592
0.573
0.566
0.54
0.484
0.508
0.607
0.672
0.704
0.728
0.763
0.812
0.827
0.764
0.59
0.51
0.559
0.529
0.492
0.561
0.607
0.622
0.618
0.624
0.618
0.582
0.538
0.491
0.457
0.51
0.543
0.625
0.724
0.791
0.807
0.794
0.819
0.823
0.762
0.695
0.647
0.556
0.517
0.587
0.618
0.63
0.647
0.657
0.663
0.657
0.611
0.586
0.627
0.615
0.648
0.654
0.644
0.636
0.659
0.663
0.662
0.663
0.607
0.517
0.463
0.413
0.395
0.386
0.367
0.376
0.402
0.415
0.411
0.399
0.37
0.342
0.312
0.358
0.411
0.435
0.459
0.485
0.504
0.513
0.511
0.501
0.438
0.36
0.361
0.374
0.374
0.417
0.453
0.469
0.503
0.457
0.41
0.4
0.368
0.32
0.256
0.228
0.195
0.232
0.256
0.269
0.31
0.328
0.32
0.305
0.311
0.337
0.381
0.388
0.338
0.299
0.272
0.263
0.289
0.32
0.331
0.331
0.297
0.243
0.171
0.114
0.082
0.076
0.093
0.122
0.169
0.211
0.235
0.278
0.362
0.404
0.43
0.419
0.443
0.46
0.479
0.483
0.481
0.481
0.464
0.447
0.436
0.46
0.486
0.473
0.42
0.352
0.337
0.323
0.302
0.296
0.318
0.343
0.334
0.35
0.373
0.372
0.394
0.396
0.364
0.347
0.365
0.416
0.463
0.516
0.544
0.54
0.513
0.471
0.476
0.479
0.502
0.541
0.604
0.663
0.698
0.71
0.69
0.654
0.622
0.566
0.518
0.521
0.51
0.521
0.56
0.494
0.444
0.454
0.425
0.416
0.337
0.358
0.443
0.512
0.592
0.675
0.744
0.779
0.779
0.737
0.638
0.467
0.362
0.333
0.346
0.38
0.505
0.571
0.615
0.637
0.605
0.541
0.485
0.447
0.407
0.424
0.464
0.529
0.613
0.672
0.695
0.696
0.725
0.756
0.739
0.698
0.692
0.7
0.655
0.591
0.628
0.673
0.627
0.642
0.637
0.621
0.592
0.544
0.488
0.507
0.501
0.519
0.54
0.558
0.591
0.62
0.622
0.608
0.568
0.541
0.508
0.457
0.442
0.44
0.458
0.494
0.491
0.502
0.482
0.443
0.407
0.369
0.332
0.376
0.41
0.427
0.464
0.516
0.567
0.61
0.642
0.648
0.635
0.574
0.566
0.575
0.583
0.583
0.574
0.568
0.556
0.539
0.491
0.466
0.481
0.459
0.433
0.459
0.462
0.432
0.379
0.341
0.328
0.348
0.398
0.444
0.454
0.41
0.437
0.454
0.498
0.51
0.534
0.593
0.622
0.58
0.514
0.496
0.471
0.442
0.394
0.389
0.388
0.388
0.376
0.358
0.343
0.337
0.355
0.395
0.427
0.414
0.43
0.437
0.472
0.503
0.504
0.527
0.553
0.571
0.553
0.523
0.498
0.466
0.394
0.386
0.393
0.379
0.379
0.408
0.451
0.484
0.52
0.568
0.589
0.569
0.586
0.603
0.621
0.62
0.61
0.6
0.555
0.532
0.55
0.53
0.499
0.455
0.414
0.422
0.462
0.517
0.568
0.615
0.672
0.726
0.757
0.774
0.774
0.739
0.711
0.665
0.646
0.648
0.663
0.677
0.679
0.674
0.649
0.601
0.528
0.467
0.407
0.42
0.435
0.487
0.544
0.583
0.635
0.69
0.724
0.725
0.689
0.595
0.577
0.618
0.638
0.619
0.571
0.59
0.65
0.674
0.623
0.558
0.513
0.484
0.461
0.519
0.537
0.528
0.513
0.547
0.576
0.601
0.633
0.651
0.662
0.637
0.656
0.646
0.63
0.633
0.637
0.659
0.702
0.739
0.736
0.693
0.639
0.584
0.575
0.642
0.644
0.651
0.683
0.722
0.748
0.768
0.788
0.8
0.788
0.728
0.703
0.702
0.692
0.663
0.666
0.695
0.728
0.77
0.762
0.728
0.686
0.63
0.566
0.555
0.547
0.526
0.532
0.59
0.648
0.679
0.695
0.674
0.571
0.41
0.403
0.574
0.633
0.57
0.513
0.521
0.525
0.501
0.476
0.45
0.404
0.392
0.386
0.464
0.471
0.419
0.408
0.555
0.722
0.763
0.752
0.765
0.788
0.728
0.633
0.578
0.571
0.571
0.566
0.602
0.657
0.679
0.674
0.63
0.556
0.46
0.377
0.424
0.477
0.551
0.615
0.652
0.687
0.725
0.747
0.751
0.742
0.702
0.674
0.65
0.637
0.61
0.582
0.613
0.637
0.627
0.574
0.501
0.416
0.374
0.328
0.314
0.289
0.252
0.228
0.238
0.294
0.387
0.485
0.574
0.627
0.609
0.555
0.525
0.501
0.469
0.458
0.404
0.377
0.397
0.355
0.294
0.251
0.227
0.219
0.272
0.264
0.231
0.211
0.213
0.238
0.282
0.362
0.442
0.498
0.483
0.441
0.414
0.411
0.391
0.377
0.372
0.367
0.352
0.327
0.282
0.222
0.191
0.167
0.208
0.282
0.304
0.283
0.264
0.267
0.297
0.363
0.429
0.479
0.479
0.459
0.437
0.393
0.332
0.325
0.316
0.302
0.266
0.266
0.278
0.282
0.289
0.268
0.264
0.264
0.291
0.329
0.347
0.34
0.315
0.311
0.328
0.341
0.322
0.294
0.277
0.234
0.206
0.217
0.23
0.22
0.211
0.185
0.153
0.11
0.07
0.041
0.03
0.038
0.064
0.097
0.143
0.182
0.214
0.227
0.231
0.218
0.198
0.213
0.214
0.223
0.238
0.28
0.33
0.296
0.223
0.159
0.115
0.094
0.064
0.038
0.028
0.032
0.038
0.04
0.043
0.044
0.044
0.054
0.073
0.094
0.113
0.124
0.124
0.11
0.099
0.095
0.1
0.106
0.102
0.084
0.06
0.041
0.026
0.012
0.003
0
0
0
0
0
0.007
0.025
0.043
0.056
0.062
0.062
0.054
0.045
0.039
0.035
0.031
0.022
0.014
0.006
0.001
0
0
0
0
0
0
0
0
0
0.001
0.002
0.005
0.008
0.008
0.008
0.007
0.005
0.003
0.003
0.002
0.001
0.001
0.001
0.001
0.001
0.002
0.002
0.001
0.001
0.001
0.003
0.008
0.019
0.031
0.035
0.032
0.032
0.035
0.034
0.028
0.026
0.025
0.027
0.028
0.028
0.028
0.02
0.008
0.003
0.001
0.001
0
0
0
0
0
0.004
0.015
0.041
0.066
0.076
0.077
0.07
0.068
0.079
0.1
0.12
0.123
0.112
0.099
0.075
0.058
0.055
0.058
0.055
0.029
0.005
0
0
0
0
0
0.005
0.021
0.036
0.045
0.046
0.044
0.037
0.031
0.028
0.025
0.025
0.025
0.022
0.013
0.007
0.002
0.001
0
0
0
0.004
0.013
0.031
0.048
0.071
0.089
0.094
0.096
0.101
0.101
0.107
0.119
0.136
0.153
0.153
0.142
0.118
0.083
0.05
0.019
0.003
0
0
0
0
0
0.011
0.025
0.031
0.029
0.034
0.057
0.097
0.127
0.144
0.149
0.16
0.171
0.18
0.182
0.158
0.132
0.121
0.114
0.103
0.1
0.106
0.119
0.137
0.161
0.186
0.195
0.192
0.181
0.175
0.18
0.187
0.178
0.148
0.109
0.075
0.053
0.043
0.041
0.061
0.101
0.141
0.167
0.169
0.171
0.168
0.145
0.141
0.154
0.179
0.201
0.223
0.233
0.227
0.206
0.201
0.189
0.17
0.168
0.179
0.192
0.206
0.22
0.225
0.233
0.246
0.261
0.268
0.294
0.321
0.349
0.404
0.459
0.498
0.513
0.501
0.481
0.466
0.437
0.422
0.414
0.377
0.398
0.402
0.412
0.428
0.434
0.44
0.433
0.425
0.383
0.314
0.254
0.27
0.293
0.345
0.405
0.457
0.49
0.494
0.454
0.385
0.345
0.32
0.293
0.289
0.309
0.343
0.379
0.427
0.469
0.471
0.472
0.489
0.491
0.436
0.348
0.305
0.281
0.289
0.309
0.331
0.345
0.395
0.464
0.498
0.51
0.573
0.602
0.583
0.568
0.525
0.467
0.432
0.408
0.357
0.302
0.261
0.228
0.199
0.227
0.237
0.227
0.225
0.23
0.229
0.212
0.216
0.237
0.253
0.24
0.228
0.203
0.172
0.154
0.154
0.178
0.219
0.267
0.305
0.321
0.305
0.311
0.303
0.325
0.337
0.349
0.392
0.432
0.457
0.476
0.497
0.516
0.506
0.454
0.408
0.4
0.379
0.395
0.401
0.415
0.434
0.457
0.444
0.407
0.355
0.315
0.291
0.356
0.422
0.438
0.466
0.519
0.571
0.586
0.586
0.566
0.494
0.431
0.388
0.341
0.331
0.357
0.421
0.428
0.434
0.438
0.425
0.364
0.315
0.305
0.296
0.358
0.391
0.414
0.469
0.53
0.579
0.607
0.628
0.636
0.626
0.566
0.523
0.506
0.488
0.441
0.438
0.449
0.461
0.478
0.459
0.421
0.394
0.357
0.285
0.289
0.267
0.244
0.245
0.253
0.278
0.31
0.341
0.36
0.358
0.315
0.293
0.284
0.284
0.282
0.283
0.283
0.277
0.279
0.246
0.194
0.156
0.135
0.126
0.114
0.124
0.138
0.158
0.169
0.177
0.191
0.211
0.225
0.213
0.183
0.167
0.143
0.119
0.105
0.089
0.084
0.088
0.084
0.066
0.042
0.023
0.011
0.004
0.001
0.001
0.001
0.001
0.004
0.009
0.018
0.034
0.056
0.076
0.099
0.123
0.121
0.106
0.093
0.081
0.069
0.058
0.043
0.03
0.02
0.012
0.006
0.002
0
0
0
0
0
0
0
0.002
0.005
0.009
0.011
0.013
0.013
0.011
0.01
0.008
0.005
0.002
0.001
0
0
0
0
0
0
0
0
0.001
0.001
0.002
0.003
0.005
0.012
0.035
0.071
0.103
0.133
0.17
0.188
0.192
0.233
0.291
0.298
0.308
0.295
0.256
0.211
0.174
0.124
0.1
0.094
0.095
0.109
0.137
0.176
0.212
0.238
0.231
0.211
0.171
0.131
0.096
0.075
0.072
0.079
0.1
0.133
0.13
0.107
0.084
0.059
0.038
0.025
0.023
0.021
0.015
0.01
0.005
0.003
0.003
0.003
0.005
0.007
0.011
0.01
0.007
0.005
0.003
0.002
0.001
0.001
0.001
0.001
0.001
0.001
0.001
0.001
0.001
0.001
0
0
0
0
0.003
0.009
0.013
0.014
0.013
0.008
0.003
0.001
0
0
0.001
0.004
0.003
0.001
0.001
0.001
0.002
0.001
0.003
0.006
0.009
0.011
0.011
0.009
0.006
0.003
0.003
0.002
0.002
0.001
0
0
0
0
0
0
0
0.003
0.012
0.024
0.035
0.044
0.064
0.064
0.042
0.02
0.009
0.009
0.025
0.063
0.107
0.147
0.178
0.204
0.208
0.196
0.181
0.161
0.126
0.084
0.044
0.017
0.003
0
0
0
0
0
0
0
0
0
0
0.002
0.003
0.005
0.009
0.014
0.017
0.018
0.02
0.02
0.017
0.014
0.009
0.006
0.004
0.002
0.001
0
0
0
0
0
0
0
0
0.005
0.01
0.017
0.023
0.025
0.023
0.02
0.02
0.02
0.021
0.021
0.019
0.017
0.014
0.011
0.007
0.006
0.003
0.002
0.002
0.003
0.004
0.008
0.019
0.036
0.049
0.058
0.068
0.074
0.074
0.072
0.074
0.077
0.08
0.075
0.064
0.046
0.025
0.007
0.001
0
0
0
0
0
0.001
0.002
0.002
0
0
0
0
0
0
0
0
0
0
0
0
0
0
0
0
0
0
0
0
0
0
0
0
0
0
0
0
0.001
0.001
0.002
0.005
0.009
0.009
0.004
0
0
0
0
0
0
0
0
0
0
0
0
0
0
0.001
0.003
0.005
0.004
0.002
0.001
0
0.001
0.001
0.001
0.002
0.005
0.008
0.015
0.023
0.034
0.046
0.048
0.055
0.058
0.052
0.042
0.037
0.032
0.027
0.024
0.022
0.019
0.017
0.018
0.023
0.035
0.051
0.064
0.064
0.05
0.041
0.034
0.023
0.012
0.006
0.001
0
0
0
0
0
0.001
0.001
0
0
0
0
0
0
0
0
0
0
0
0
0
0
0
0
0
0.001
0.001
0
0
0
0.001
0.002
0.002
0.001
0
0
0.003
0.008
0.004
0
0
0
0
0
0.001
0.001
0
0
0
0
0
0
0
0
0.001
0.002
0.008
0.019
0.036
0.069
0.119
0.171
0.201
0.201
0.173
0.112
0.05
0.017
0.005
0.002
0.003
0.01
0.02
0.025
0.032
0.042
0.041
0.032
0.021
0.012
0.007
0.004
0.002
0.001
0
0
0
0
0
0
0
0
0
0
0
0
0
0
0
0
0
0.005
0.019
0.034
0.039
0.039
0.033
0.024
0.017
0.013
0.014
0.015
0.02
0.024
0.027
0.027
0.028
0.03
0.031
0.042
0.054
0.057
0.059
0.058
0.051
0.046
0.039
0.031
0.029
0.036
0.046
0.059
0.08
0.115
0.16
0.201
0.223
0.208
0.175
0.154
0.138
0.124
0.116
0.127
0.147
0.182
0.226
0.27
0.302
0.308
0.283
0.253
0.231
0.223
0.221
0.235
0.264
0.274
0.264
0.252
0.254
0.241
0.218
0.197
0.187
0.163
0.129
0.109
0.079
0.057
0.041
0.028
0.017
0.01
0.007
0.005
0.004
0.005
0.004
0.004
0.007
0.009
0.013
0.019
0.029
0.031
0.023
0.011
0.003
0.001
0
0
0
0
0
0
0
0.002
0.006
0.009
0.009
0.011
0.013
0.017
0.025
0.032
0.038
0.041
0.041
0.036
0.029
0.024
0.019
0.017
0.017
0.017
0.012
0.013
0.018
0.029
0.048
0.071
0.09
0.1
0.095
0.087
0.077
0.069
0.068
0.068
0.07
0.076
0.077
0.072
0.062
0.056
0.059
0.068
0.065
0.04
0.014
0.006
0.006
0.012
0.026
0.049
0.071
0.079
0.082
0.087
0.093
0.1
0.108
0.105
0.097
0.094
0.092
0.09
0.088
0.085
0.079
0.07
0.053
0.039
0.025
0.015
0.009
0.008
0.016
0.041
0.077
0.111
0.131
0.136
0.129
0.112
0.09
0.073
0.063
0.058
0.056
0.061
0.066
0.066
0.055
0.039
0.026
0.016
0.009
0.004
0.002
0.001
0.002
0.003
0.003
0.004
0.003
0.001
0.001
0.001
0.002
0.005
0.012
0.024
0.041
0.058
0.066
0.084
0.094
0.096
0.094
0.085
0.055
0.046
0.046
0.037
0.022
0.01
0.003
0.003
0.005
0.009
0.016
0.019
0.021
0.023
0.024
0.021
0.027
0.045
0.062
0.068
0.057
0.041
0.029
0.027
0.021
0.013
0.007
0.005
0.004
0.004
0.005
0.008
0.012
0.018
0.02
0.024
0.031
0.038
0.042
0.043
0.06
0.085
0.103
0.098
0.08
0.057
0.035
0.022
0.016
0.012
0.008
0.006
0.006
0.008
0.014
0.025
0.047
0.081
0.109
0.134
0.149
0.157
0.164
0.177
0.202
0.259
0.311
0.347
0.393
0.425
0.431
0.447
0.402
0.352
0.291
0.226
0.158
0.126
0.119
0.106
0.094
0.092
0.105
0.126
0.167
0.223
0.302
0.391
0.473
0.523
0.556
0.568
0.574
0.566
0.569
0.559
0.476
0.391
0.315
0.253
0.202
0.209
0.264
0.291
0.305
0.332
0.35
0.371
0.395
0.428
0.466
0.508
0.554
0.59
0.58
0.606
0.605
0.613
0.636
0.711
0.713
0.695
0.672
0.64
0.611
0.601
0.601
0.538
0.525
0.583
0.648
0.695
0.72
0.737
0.76
0.768
0.775
0.758
0.731
0.71
0.665
0.624
0.641
0.668
0.654
0.634
0.605
0.556
0.481
0.463
0.449
0.442
0.448
0.467
0.484
0.484
0.501
0.517
0.532
0.55
0.558
0.539
0.519
0.498
0.492
0.525
0.551
0.585
0.647
0.687
0.695
0.685
0.67
0.652
0.634
0.606
0.605
0.619
0.656
0.676
0.697
0.703
0.697
0.687
0.687
0.66
0.576
0.513
0.471
0.442
0.435
0.515
0.586
0.622
0.634
0.599
0.535
0.447
0.352
0.289
0.293
0.265
0.269
0.374
0.497
0.609
0.71
0.777
0.798
0.813
0.867
0.897
0.887
0.81
0.682
0.623
0.686
0.744
0.785
0.835
0.839
0.801
0.748
0.696
0.644
0.597
0.573
0.541
0.531
0.532
0.532
0.531
0.516
0.465
0.41
0.364
0.392
0.372
0.337
0.372
0.391
0.394
0.395
0.387
0.382
0.382
0.388
0.374
0.376
0.397
0.422
0.454
0.489
0.526
0.568
0.605
0.638
0.637
0.623
0.603
0.575
0.528
0.47
0.464
0.46
0.447
0.441
0.449
0.46
0.491
0.519
0.528
0.552
0.584
0.588
0.597
0.61
0.615
0.627
0.617
0.577
0.538
0.526
0.55
0.527
0.505
0.505
0.574
0.612
0.61
0.583
0.532
0.476
0.471
0.471
0.445
0.439
0.476
0.564
0.685
0.773
0.808
0.811
0.792
0.763
0.739
0.726
0.733
0.747
0.77
0.791
0.817
0.834
0.842
0.832
0.811
0.774
0.714
0.615
0.516
0.467
0.495
0.548
0.601
0.642
0.654
0.65
0.649
0.642
0.621
0.604
0.611
0.635
0.647
0.624
0.652
0.686
0.705
0.705
0.678
0.638
0.601
0.564
0.532
0.498
0.442
0.414
0.438
0.508
0.61
0.675
0.685
0.681
0.663
0.632
0.593
0.561
0.514
0.421
0.349
0.364
0.432
0.481
0.481
0.453
0.411
0.347
0.274
0.215
0.187
0.187
0.217
0.255
0.298
0.323
0.327
0.344
0.374
0.407
0.443
0.461
0.463
0.432
0.419
0.414
0.386
0.323
0.249
0.18
0.129
0.099
0.103
0.135
0.159
0.155
0.161
0.179
0.2
0.218
0.228
0.223
0.214
0.231
0.273
0.295
0.276
0.196
0.138
0.115
0.108
0.097
0.082
0.078
0.098
0.095
0.087
0.105
0.133
0.142
0.156
0.179
0.178
0.138
0.101
0.079
0.058
0.035
0.026
0.051
0.103
0.138
0.157
0.188
0.198
0.179
0.139
0.099
0.079
0.079
0.084
0.092
0.114
0.132
0.148
0.219
0.309
0.374
0.442
0.532
0.63
0.644
0.625
0.602
0.575
0.544
0.514
0.519
0.527
0.526
0.523
0.521
0.524
0.503
0.467
0.449
0.446
0.476
0.54
0.566
0.586
0.594
0.607
0.586
0.569
0.541
0.531
0.556
0.599
0.665
0.724
0.761
0.739
0.729
0.739
0.739
0.656
0.442
0.246
0.211
0.28
0.407
0.538
0.611
0.624
0.614
0.612
0.627
0.635
0.625
0.621
0.593
0.571
0.566
0.601
0.607
0.601
0.578
0.541
0.494
0.454
0.422
0.385
0.362
0.374
0.381
0.382
0.381
0.381
0.392
0.407
0.428
0.458
0.497
0.533
0.566
0.586
0.589
0.638
0.617
0.572
0.517
0.457
0.406
0.395
0.414
0.426
0.449
0.502
0.555
0.578
0.572
0.558
0.551
0.556
0.572
0.578
0.574
0.572
0.568
0.551
0.507
0.529
0.527
0.513
0.481
0.444
0.413
0.4
0.402
0.4
0.413
0.425
0.433
0.442
0.452
0.482
0.514
0.535
0.547
0.554
0.566
0.571
0.574
0.577
0.586
0.607
0.575
0.538
0.501
0.468
0.451
0.456
0.467
0.459
0.45
0.444
0.434
0.424
0.413
0.398
0.405
0.43
0.46
0.468
0.466
0.464
0.442
0.417
0.395
0.401
0.398
0.382
0.36
0.336
0.317
0.318
0.306
0.28
0.28
0.313
0.352
0.395
0.436
0.475
0.495
0.51
0.484
0.476
0.466
0.449
0.444
0.442
0.432
0.465
0.468
0.452
0.415
0.366
0.313
0.262
0.226
0.21
0.223
0.261
0.3
0.334
0.343
0.337
0.32
0.305
0.325
0.341
0.337
0.343
0.352
0.361
0.379
0.413
0.422
0.401
0.361
0.304
0.251
0.218
0.206
0.203
0.223
0.274
0.323
0.358
0.379
0.386
0.378
0.364
0.352
0.344
0.333
0.328
0.325
0.312
0.278
0.241
0.181
0.135
0.09
0.059
0.036
0.031
0.036
0.042
0.056
0.076
0.099
0.118
0.141
0.162
0.179
0.183
0.181
0.183
0.19
0.206
0.227
0.236
0.244
0.261
0.257
0.258
0.246
0.223
0.196
0.192
0.193
0.198
0.214
0.231
0.233
0.223
0.213
0.209
0.207
0.233
0.261
0.29
0.337
0.388
0.411
0.414
0.412
0.398
0.352
0.305
0.263
0.218
0.181
0.152
0.124
0.114
0.115
0.125
0.143
0.167
0.2
0.227
0.259
0.291
0.342
0.35
0.337
0.349
0.374
0.402
0.437
0.49
0.479
0.447
0.414
0.379
0.354
0.328
0.308
0.281
0.265
0.267
0.261
0.268
0.278
0.278
0.283
0.294
0.305
0.298
0.281
0.271
0.266
0.265
0.253
0.291
0.325
0.337
0.333
0.311
0.283
0.255
0.235
0.209
0.196
0.214
0.237
0.264
0.305
0.357
0.402
0.429
0.466
0.476
0.463
0.445
0.432
0.42
0.412
0.422
0.381
0.332
0.272
0.219
0.183
0.163
0.152
0.152
0.145
0.142
0.145
0.167
0.2
0.231
0.296
0.386
0.468
0.491
0.491
0.487
0.472
0.438
0.396
0.393
0.429
0.447
0.46
0.456
0.407
0.311
0.243
0.203
0.206
0.243
0.341
0.498
0.544
0.562
0.549
0.507
0.502
0.529
0.538
0.566
0.566
0.61
0.638
0.679
0.759
0.8
0.819
0.827
0.818
0.799
0.759
0.739
0.759
0.796
0.834
0.868
0.885
0.888
0.878
0.861
0.842
0.815
0.772
0.739
0.702
0.64
0.589
0.647
0.718
0.766
0.777
0.772
0.77
0.756
0.74
0.73
0.744
0.763
0.791
0.808
0.82
0.828
0.829
0.825
0.826
0.82
0.797
0.782
0.765
0.777
0.784
0.737
0.664
0.574
0.471
0.382
0.295
0.282
0.334
0.446
0.556
0.641
0.72
0.767
0.765
0.763
0.767
0.773
0.763
0.741
0.741
0.769
0.802
0.821
0.816
0.823
0.819
0.808
0.803
0.791
0.775
0.753
0.724
0.703
0.692
0.671
0.662
0.663
0.668
0.668
0.67
0.672
0.678
0.651
0.592
0.523
0.478
0.439
0.401
0.403
0.386
0.346
0.294
0.245
0.215
0.205
0.201
0.192
0.176
0.186
0.195
0.233
0.278
0.352
0.438
0.511
0.566
0.592
0.586
0.586
0.607
0.632
0.649
0.687
0.67
0.647
0.599
0.521
0.486
0.468
0.438
0.379
0.359
0.373
0.385
0.451
0.503
0.561
0.644
0.696
0.704
0.69
0.659
0.624
0.592
0.58
0.606
0.633
0.623
0.59
0.515
0.422
0.32
0.233
0.174
0.144
0.129
0.133
0.153
0.184
0.274
0.354
0.404
0.466
0.536
0.579
0.606
0.604
0.611
0.628
0.638
0.69
0.701
0.685
0.661
0.625
0.576
0.503
0.425
0.339
0.337
0.379
0.431
0.516
0.61
0.673
0.656
0.633
0.602
0.566
0.53
0.485
0.449
0.434
0.459
0.55
0.61
0.622
0.586
0.501
0.416
0.311
0.212
0.122
0.079
0.062
0.039
0.042
0.075
0.119
0.17
0.239
0.339
0.447
0.535
0.596
0.645
0.676
0.682
0.718
0.703
0.685
0.638
0.574
0.49
0.379
0.286
0.25
0.241
0.232
0.235
0.274
0.355
0.427
0.502
0.574
0.6
0.589
0.59
0.598
0.633
0.656
0.65
0.674
0.644
0.603
0.546
0.459
0.373
0.297
0.241
0.209
0.187
0.178
0.177
0.206
0.272
0.363
0.476
0.58
0.63
0.638
0.639
0.635
0.611
0.577
0.523
0.476
0.444
0.398
0.302
0.194
0.108
0.062
0.041
0.037
0.038
0.04
0.04
0.038
0.038
0.037
0.036
0.035
0.035
0.033
0.03
0.027
0.021
0.016
0.009
0.01
0.013
0.027
0.065
0.102
0.09
0.067
0.067
0.076
0.076
0.075
0.068
0.074
0.093
0.109
0.128
0.149
0.17
0.162
0.138
0.117
0.101
0.086
0.068
0.062
0.059
0.058
0.061
0.065
0.061
0.059
0.065
0.065
0.056
0.048
0.048
0.071
0.114
0.156
0.179
0.19
0.19
0.183
0.176
0.159
0.138
0.114
0.092
0.066
0.045
0.035
0.033
0.035
0.043
0.066
0.096
0.118
0.135
0.149
0.141
0.131
0.133
0.141
0.154
0.178
0.2
0.209
0.205
0.197
